567 3452
v -1 0
v 0 13928
v 1 15141
v 2 9694
v 3 29659
v 4 12101
v 5 26074
v 6 28981
v 7 30941
v 8 37318
v 9 34509
v 10 26485
v 11 24646
v 12 8392
v 13 13382
v 14 13763
v 15 37269
v 16 30940
v 17 12806
v 18 21315
v 19 21612
v 20 27509
v 21 9845
v 22 6952
v 23 13471
v 24 54732
v 25 13751
v 26 12576
v 27 31866
v 28 8299
v 29 13759
v 30 20825
v 31 23064
v 32 10593
v 33 49270
v 34 35011
v 35 43567
v 36 55073
v 37 49670
v 38 53025
v 39 49049
v 40 43765
v 41 22830
v 42 27945
v 43 25605
v 44 38704
v 45 7400
v 46 6746
v 47 18238
v 48 10876
v 49 29646
v 50 16382
v 51 16602
v 52 21132
v 53 9109
v 54 36581
v 55 46272
v 56 27947
v 57 42972
v 58 35141
v 59 14969
v 60 7818
v 61 15435
v 62 12350
v 63 26246
v 64 12199
v 65 11851
v 66 18417
v 67 11604
v 68 35201
v 69 35000
v 70 30323
v 71 16791
v 72 20953
v 73 46772
v 74 18043
v 75 14903
v 76 19569
v 77 27004
v 78 27534
v 79 18969
v 80 31206
v 81 28046
v 82 30532
v 83 19770
v 84 14056
v 85 10454
v 86 18776
v 87 44878
v 88 41462
v 89 19084
v 90 22197
v 91 32017
v 92 50792
v 93 29593
v 94 12545
v 95 6526
v 96 27244
v 97 37333
v 98 11940
v 99 33002
v 100 8712
v 101 8291
v 102 13810
v 103 28591
v 104 1640
v 105 10614
v 106 21278
v 107 19416
v 108 13702
v 109 18805
v 110 21725
v 111 25327
v 112 16734
v 113 19080
v 114 19025
v 115 15298
v 116 22518
v 117 12482
v 118 41932
v 119 40288
v 120 11847
v 121 19696
v 122 24508
v 123 17194
v 124 38969
v 125 2494
v 126 1863
v 127 24847
v 128 18036
v 129 11009
v 130 10449
v 131 13238
v 132 21393
v 133 8335
v 134 12227
v 135 21487
v 136 14871
v 137 17101
v 138 16740
v 139 18293
v 140 25521
v 141 15171
v 142 26414
v 143 19053
v 144 13622
v 145 4332
v 146 543
v 147 20746
v 148 24899
v 149 5029
v 150 10525
v 151 9583
v 152 15854
v 153 22161
v 154 21017
v 155 13514
v 156 24765
v 157 29640
v 158 12697
v 159 22821
v 160 15741
v 161 25643
v 162 21121
v 163 38067
v 164 43657
v 165 21327
v 166 8529
v 167 23350
v 168 10873
v 169 25238
v 170 14464
v 171 26898
v 172 11898
v 173 16108
v 174 21271
v 175 8368
v 176 16127
v 177 16931
v 178 21041
v 179 24927
v 180 11379
v 181 22053
v 182 15577
v 183 15416
v 184 13860
v 185 25213
v 186 18593
v 187 25965
v 188 19404
v 189 14233
v 190 24700
v 191 34969
v 192 20250
v 193 17204
v 194 25547
v 195 24572
v 196 13816
v 197 15837
v 198 16342
v 199 11535
v 200 17603
v 201 26981
v 202 15410
v 203 19883
v 204 25729
v 205 23552
v 206 14793
v 207 17306
v 208 22530
v 209 18616
v 210 23096
v 211 14028
v 212 9512
v 213 20123
v 214 12723
v 215 13259
v 216 20844
v 217 15551
v 218 17661
v 219 20015
v 220 27635
v 221 15739
v 222 27063
v 223 20728
v 224 24413
v 225 26846
v 226 19209
v 227 20107
v 228 12949
v 229 21888
v 230 24203
v 231 16883
v 232 11309
v 233 18294
v 234 18140
v 235 15690
v 236 19611
v 237 15065
v 238 17916
v 239 14438
v 240 30831
v 241 14344
v 242 27432
v 243 14398
v 244 18451
v 245 27193
v 246 8510
v 247 25940
v 248 30142
v 249 18975
v 250 25619
v 251 17443
v 252 16271
v 253 19398
v 254 9013
v 255 15897
v 256 21188
v 257 11536
v 258 20355
v 259 22312
v 260 20824
v 261 10835
v 262 4742
v 263 16572
v 264 18472
v 265 26186
v 266 19859
v 267 22412
v 268 20421
v 269 14164
v 270 23039
v 271 12133
v 272 13741
v 273 19190
v 274 21902
v 275 27893
v 276 16855
v 277 15250
v 278 20664
v 279 22028
v 280 19194
v 281 11307
v 282 16323
v 283 12250
v 284 16819
v 285 14380
v 286 13967
v 287 23936
v 288 12544
v 289 10784
v 290 11641
v 291 14208
v 292 19560
v 293 15302
v 294 13785
v 295 14257
v 296 16722
v 297 14129
v 298 6084
v 299 15246
v 300 23414
v 301 14319
v 302 23990
v 303 17567
v 304 17993
v 305 19811
v 306 13193
v 307 14935
v 308 20659
v 309 17405
v 310 16572
v 311 27751
v 312 25135
v 313 21211
v 314 20762
v 315 28946
v 316 32511
v 317 19495
v 318 19509
v 319 23787
v 320 11902
v 321 15330
v 322 13324
v 323 24226
v 324 23487
v 325 21364
v 326 24073
v 327 12449
v 328 19921
v 329 27221
v 330 26371
v 331 30817
v 332 17446
v 333 13833
v 334 17696
v 335 24711
v 336 21076
v 337 20578
v 338 5062
v 339 12386
v 340 31086
v 341 12894
v 342 24531
v 343 18560
v 344 22348
v 345 16200
v 346 17713
v 347 17652
v 348 17147
v 349 16039
v 350 29283
v 351 17220
v 352 9906
v 353 17396
v 354 18370
v 355 14922
v 356 21049
v 357 20055
v 358 16447
v 359 16136
v 360 22181
v 361 16087
v 362 23211
v 363 25195
v 364 24153
v 365 15357
v 366 18063
v 367 25186
v 368 9995
v 369 17896
v 370 19045
v 371 28171
v 372 21555
v 373 17177
v 374 16662
v 375 7054
v 376 14680
v 377 17436
v 378 26889
v 379 19283
v 380 22328
v 381 18744
v 382 13048
v 383 20507
v 384 28224
v 385 27312
v 386 22927
v 387 4200
v 388 2506
v 389 28375
v 390 2036
v 391 19193
v 392 16396
v 393 18299
v 394 22637
v 395 14299
v 396 30249
v 397 27433
v 398 29624
v 399 22796
v 400 26062
v 401 25396
v 402 26835
v 403 24162
v 404 21400
v 405 23123
v 406 25894
v 407 27232
v 408 31587
v 409 22992
v 410 21575
v 411 30678
v 412 36171
v 413 28435
v 414 27095
v 415 33955
v 416 4795
v 417 17885
v 418 18839
v 419 27209
v 420 26153
v 421 9583
v 422 22027
v 423 15197
v 424 14507
v 425 25907
v 426 18744
v 427 12923
v 428 15002
v 429 17874
v 430 17303
v 431 26066
v 432 23454
v 433 16821
v 434 14676
v 435 29057
v 436 30800
v 437 11765
v 438 19996
v 439 18994
v 440 30471
v 441 16884
v 442 31663
v 443 34574
v 444 17561
v 445 15618
v 446 18616
v 447 21118
v 448 23066
v 449 21609
v 450 18597
v 451 25000
v 452 25832
v 453 14672
v 454 23203
v 455 23705
v 456 23720
v 457 24936
v 458 17703
v 459 22751
v 460 21308
v 461 28290
v 462 12446
v 463 30335
v 464 24809
v 465 23341
v 466 25573
v 467 27525
v 468 28057
v 469 26474
v 470 23008
v 471 18198
v 472 32471
v 473 27491
v 474 24238
v 475 18120
v 476 17009
v 477 21588
v 478 16656
v 479 18588
v 480 16166
v 481 26764
v 482 21966
v 483 17207
v 484 24109
v 485 20118
v 486 19083
v 487 19349
v 488 23433
v 489 23285
v 490 17980
v 491 17847
v 492 56841
v 493 18009
v 494 8372
v 495 23943
v 496 14967
v 497 18277
v 498 8248
v 499 18681
v 500 15611
v 501 15723
v 502 19696
v 503 22672
v 504 25529
v 505 20422
v 506 18052
v 507 14210
v 508 28875
v 509 27291
v 510 28701
v 511 17947
v 512 22118
v 513 26862
v 514 15928
v 515 15627
v 516 22901
v 517 27310
v 518 27259
v 519 24992
v 520 29426
v 521 31631
v 522 23616
v 523 26563
v 524 21059
v 525 22723
v 526 20245
v 527 19182
v 528 32776
v 529 26788
v 530 22389
v 531 23096
v 532 33890
v 533 14961
v 534 3277
v 535 20236
v 536 12210
v 537 5018
v 538 11345
v 539 8745
v 540 20035
v 541 16315
v 542 15781
v 543 21539
v 544 16368
v 545 22257
v 546 22692
v 547 22920
v 548 18393
v 549 21446
v 550 29095
v 551 24568
v 552 11853
v 553 30714
v 554 22719
v 555 18816
v 556 12842
v 557 34662
v 558 17622
v 559 11714
v 560 21449
v 561 17922
v 562 21989
v 563 30076
v 564 22844
v 565 24506
e 0 11 4361.291004446041
e 11 0 4361.291004446041
e 0 247 2251.1614889755056
e 247 0 2251.1614889755056
e 0 241 3886.7792717252414
e 241 0 3886.7792717252414
e 0 246 3172.17502853062
e 246 0 3172.17502853062
e 11 333 0.0
e 333 11 0.0
e 11 249 3410.512633098084
e 249 11 3410.512633098084
e 11 336 1478.87454314976
e 336 11 1478.87454314976
e 11 335 2294.777351837311
e 335 11 2294.777351837311
e 11 247 1361.1490591080365
e 247 11 1361.1490591080365
e 11 246 3541.717775404235
e 246 11 3541.717775404235
e 247 12 1410.609012045856
e 12 247 1410.609012045856
e 247 249 5783.004786138761
e 249 247 5783.004786138761
e 247 211 2596.3338390410813
e 211 247 2596.3338390410813
e 247 238 3509.0621424853057
e 238 247 3509.0621424853057
e 247 241 4622.770902165096
e 241 247 4622.770902165096
e 241 238 3934.5375895206776
e 238 241 3934.5375895206776
e 241 239 3703.107288124293
e 239 241 3703.107288124293
e 241 246 1909.919781834331
e 246 241 1909.919781834331
e 246 335 2306.4006914540837
e 335 246 2306.4006914540837
e 246 239 4064.4306281197482
e 239 246 4064.4306281197482
e 246 350 3497.461444724676
e 350 246 3497.461444724676
e 246 232 4264.957988034944
e 232 246 4264.957988034944
e 333 267 6087.8655036532455
e 267 333 6087.8655036532455
e 333 362 6347.689649527918
e 362 333 6347.689649527918
e 333 250 3359.9781098415633
e 250 333 3359.9781098415633
e 333 332 3978.521952958204
e 332 333 3978.521952958204
e 333 249 2124.1988792023994
e 249 333 2124.1988792023994
e 333 336 6209.735717070174
e 336 333 6209.735717070174
e 333 335 1315.2497969305662
e 335 333 1315.2497969305662
e 249 12 6009.730541725461
e 12 249 6009.730541725461
e 249 250 8517.911707398658
e 250 249 8517.911707398658
e 249 336 0.0
e 336 249 0.0
e 336 335 6776.1827165293935
e 335 336 6776.1827165293935
e 335 332 3836.366161801946
e 332 335 3836.366161801946
e 335 328 4143.771508696825
e 328 335 4143.771508696825
e 335 331 1693.0067787826044
e 331 335 1693.0067787826044
e 335 350 5818.129969579079
e 350 335 5818.129969579079
e 12 252 5521.904113616873
e 252 12 5521.904113616873
e 12 210 1953.2951349354557
e 210 12 1953.2951349354557
e 12 250 2099.623002519393
e 250 12 2099.623002519393
e 12 211 3889.826687570826
e 211 12 3889.826687570826
e 211 210 12235.859047934908
e 210 211 12235.859047934908
e 211 174 3360.5635758975686
e 174 211 3360.5635758975686
e 211 238 10729.012801882072
e 238 211 10729.012801882072
e 211 218 1765.7935896713034
e 218 211 1765.7935896713034
e 211 237 0.0
e 237 211 0.0
e 238 472 2804.1798461857215
e 472 238 2804.1798461857215
e 238 218 0.0
e 218 238 0.0
e 238 237 5334.7621217811875
e 237 238 5334.7621217811875
e 238 239 1438.8452606531566
e 239 238 1438.8452606531566
e 239 472 7912.2548344109455
e 472 239 7912.2548344109455
e 239 245 2736.867946759101
e 245 239 2736.867946759101
e 239 232 3533.0021716582446
e 232 239 3533.0021716582446
e 239 240 9999.481302592963
e 240 239 9999.481302592963
e 239 242 0.0
e 242 239 0.0
e 350 331 3379.837176832576
e 331 350 3379.837176832576
e 350 232 2676.9326041261434
e 232 350 2676.9326041261434
e 350 330 2588.358125802175
e 330 350 2588.358125802175
e 350 243 2285.7382270020958
e 243 350 2285.7382270020958
e 350 338 5293.621987540671
e 338 350 5293.621987540671
e 232 240 4954.27835452103
e 240 232 4954.27835452103
e 232 243 4853.263957366544
e 243 232 4853.263957366544
e 267 252 4659.260364276521
e 252 267 4659.260364276521
e 267 355 1099.156530752781
e 355 267 1099.156530752781
e 267 324 6589.451812784682
e 324 267 6589.451812784682
e 267 363 5791.763439094052
e 363 267 5791.763439094052
e 267 362 4912.228384162845
e 362 267 4912.228384162845
e 267 250 7719.516376739771
e 250 267 7719.516376739771
e 362 363 4231.09294387955
e 363 362 4231.09294387955
e 362 369 8281.426269476815
e 369 362 8281.426269476815
e 362 332 6499.643005381501
e 332 362 6499.643005381501
e 362 328 11.24289046362626
e 328 362 11.24289046362626
e 362 368 8567.49932581315
e 368 362 8567.49932581315
e 250 252 8477.188373787118
e 252 250 8477.188373787118
e 332 328 11648.592800809218
e 328 332 11648.592800809218
e 328 368 7850.029388867959
e 368 328 7850.029388867959
e 328 96 15020.839847662
e 96 328 15020.839847662
e 328 331 12041.853692239725
e 331 328 12041.853692239725
e 331 96 9544.978541382234
e 96 331 9544.978541382234
e 331 330 12474.866180541712
e 330 331 12474.866180541712
e 331 329 5170.158082036659
e 329 331 5170.158082036659
e 252 253 4589.099603212265
e 253 252 4589.099603212265
e 252 210 4146.47574248469
e 210 252 4146.47574248469
e 252 324 8565.135361435534
e 324 252 8565.135361435534
e 210 253 14968.853872498663
e 253 210 14968.853872498663
e 210 251 2008.582230377142
e 251 210 2008.582230377142
e 210 209 9234.75673313089
e 209 210 9234.75673313089
e 210 174 98.14328600791433
e 174 210 98.14328600791433
e 174 209 7330.6377429246195
e 209 174 7330.6377429246195
e 174 218 4607.412355380522
e 218 174 4607.412355380522
e 218 209 1475.9070893451217
e 209 218 1475.9070893451217
e 218 216 3274.241417548665
e 216 218 3274.241417548665
e 218 237 2692.893733410979
e 237 218 2692.893733410979
e 218 244 5466.462244148997
e 244 218 5466.462244148997
e 237 472 3116.7595000620813
e 472 237 3116.7595000620813
e 237 244 1435.9962273886988
e 244 237 1435.9962273886988
e 237 461 3159.249751606392
e 461 237 3159.249751606392
e 472 469 3137.4473836303937
e 469 472 3137.4473836303937
e 472 470 0.0
e 470 472 0.0
e 472 245 619.6846508510632
e 245 472 619.6846508510632
e 472 467 5681.416130862526
e 467 472 5681.416130862526
e 472 461 6560.454914495252
e 461 472 6560.454914495252
e 245 467 5817.929776858857
e 467 245 5817.929776858857
e 245 468 3577.669658727905
e 468 245 3577.669658727905
e 245 240 0.0
e 240 245 0.0
e 245 242 7618.823458545602
e 242 245 7618.823458545602
e 245 248 8270.363692775507
e 248 245 8270.363692775507
e 240 243 3395.1345931735573
e 243 240 3395.1345931735573
e 240 242 4550.783704971
e 242 240 4550.783704971
e 242 243 7262.500429599436
e 243 242 7262.500429599436
e 242 338 1323.0623135544577
e 338 242 1323.0623135544577
e 242 248 7166.357028262282
e 248 242 7166.357028262282
e 330 338 11518.909674374432
e 338 330 11518.909674374432
e 330 329 3467.339954565288
e 329 330 3467.339954565288
e 243 338 7764.7485661142555
e 338 243 7764.7485661142555
e 338 329 5434.0007061471215
e 329 338 5434.0007061471215
e 338 248 1979.0531192046085
e 248 338 1979.0531192046085
e 338 260 3467.8713270374956
e 260 338 3467.8713270374956
e 338 16 11405.247369995832
e 16 338 11405.247369995832
e 355 356 3464.4264905984573
e 356 355 3464.4264905984573
e 355 155 2476.5121423456503
e 155 355 2476.5121423456503
e 355 354 6878.370864502429
e 354 355 6878.370864502429
e 355 324 8460.33657633403
e 324 355 8460.33657633403
e 355 363 14752.628806311237
e 363 355 14752.628806311237
e 355 364 3600.5133717812705
e 364 355 3600.5133717812705
e 324 256 5072.970173647062
e 256 324 5072.970173647062
e 324 253 7626.466458917854
e 253 324 7626.466458917854
e 324 155 11813.626032742524
e 155 324 11813.626032742524
e 363 369 5097.052735103182
e 369 363 5097.052735103182
e 363 364 6427.586578438149
e 364 363 6427.586578438149
e 363 365 2872.2558201313013
e 365 363 2872.2558201313013
e 363 370 556.4148619444704
e 370 363 556.4148619444704
e 369 370 5086.789367022795
e 370 369 5086.789367022795
e 369 367 1539.6229821690022
e 367 369 1539.6229821690022
e 369 368 4081.227298952979
e 368 369 4081.227298952979
e 368 367 9341.357667096165
e 367 368 9341.357667096165
e 368 361 12422.306618282433
e 361 368 12422.306618282433
e 368 96 7601.382353343001
e 96 368 7601.382353343001
e 96 361 1085.1097062014392
e 361 96 1085.1097062014392
e 96 58 4725.410124101142
e 58 96 4725.410124101142
e 96 95 12339.114556463157
e 95 96 12339.114556463157
e 96 97 12022.516695204515
e 97 96 12022.516695204515
e 96 329 4029.776475379325
e 329 96 4029.776475379325
e 329 97 10978.860505877456
e 97 329 10978.860505877456
e 329 16 6641.48660438835
e 16 329 6641.48660438835
e 253 256 1746.747492376332
e 256 253 1746.747492376332
e 253 255 6887.9262911134865
e 255 253 6887.9262911134865
e 253 254 9558.66870534974
e 254 253 9558.66870534974
e 253 161 378.79047314968255
e 161 253 378.79047314968255
e 253 251 6892.175688758738
e 251 253 6892.175688758738
e 251 161 9488.724631666275
e 161 251 9488.724631666275
e 251 213 6515.348961311854
e 213 251 6515.348961311854
e 251 170 3204.9266624444163
e 170 251 3204.9266624444163
e 251 209 6594.178024317255
e 209 251 6594.178024317255
e 209 170 1133.349877519704
e 170 209 1133.349877519704
e 209 207 5821.698894021204
e 207 209 5821.698894021204
e 209 216 9617.947150353555
e 216 209 9617.947150353555
e 216 207 4363.529107423464
e 207 216 4363.529107423464
e 216 167 437.56688942925075
e 167 216 437.56688942925075
e 216 198 1579.2360771151752
e 198 216 1579.2360771151752
e 216 197 118.74644528921206
e 197 216 118.74644528921206
e 216 171 4587.620155867786
e 171 216 4587.620155867786
e 216 244 307.48259470419646
e 244 216 307.48259470419646
e 244 171 5628.808203010545
e 171 244 5628.808203010545
e 244 469 2559.2346940819375
e 469 244 2559.2346940819375
e 244 461 1324.5305247620172
e 461 244 1324.5305247620172
e 461 469 5126.3045156348935
e 469 461 5126.3045156348935
e 469 171 3588.6182218745425
e 171 469 3588.6182218745425
e 469 203 442.5248432997878
e 203 469 442.5248432997878
e 469 470 5428.445262485989
e 470 469 5428.445262485989
e 469 467 0.0
e 467 469 0.0
e 470 203 4340.539665100895
e 203 470 4340.539665100895
e 470 467 751.155929285457
e 467 470 751.155929285457
e 470 471 7120.9636563745
e 471 470 7120.9636563745
e 470 466 2973.8566537957613
e 466 470 2973.8566537957613
e 470 208 5926.649778055656
e 208 470 5926.649778055656
e 467 466 12089.83712478708
e 466 467 12089.83712478708
e 467 468 8415.338731376722
e 468 467 8415.338731376722
e 468 466 7397.325888517236
e 466 468 7397.325888517236
e 468 503 13142.586800668534
e 503 468 13142.586800668534
e 468 505 10530.531647546504
e 505 468 10530.531647546504
e 468 248 3677.13417410612
e 248 468 3677.13417410612
e 468 260 493.1130032563166
e 260 468 493.1130032563166
e 248 260 10655.338621226128
e 260 248 10655.338621226128
e 260 503 5568.222258715388
e 503 260 5568.222258715388
e 260 325 6843.891902828105
e 325 260 6843.891902828105
e 260 502 0.0
e 502 260 0.0
e 260 16 1381.4930712373048
e 16 260 1381.4930712373048
e 16 97 15481.430560411769
e 97 16 15481.430560411769
e 16 325 6406.596415542745
e 325 16 6406.596415542745
e 16 502 639.6761602639806
e 502 16 639.6761602639806
e 16 15 20616.320703604815
e 15 16 20616.320703604815
e 16 17 15140.016937045346
e 17 16 15140.016937045346
e 16 392 5752.207517786621
e 392 16 5752.207517786621
e 356 532 2639.3294437728464
e 532 356 2639.3294437728464
e 356 118 6324.115008845736
e 118 356 6324.115008845736
e 356 327 5320.411500081837
e 327 356 5320.411500081837
e 356 293 2507.637297368557
e 293 356 2507.637297368557
e 356 155 5889.339159760234
e 155 356 5889.339159760234
e 356 354 5938.905868527295
e 354 356 5938.905868527295
e 155 158 0.0
e 158 155 0.0
e 155 151 606.1613640724167
e 151 155 606.1613640724167
e 155 152 637.4909231096176
e 152 155 637.4909231096176
e 155 153 2747.328785960512
e 153 155 2747.328785960512
e 155 156 3872.2548945973444
e 156 155 3872.2548945973444
e 155 256 1963.2088766248598
e 256 155 1963.2088766248598
e 155 293 6150.840780692756
e 293 155 6150.840780692756
e 155 154 9514.695360550251
e 154 155 9514.695360550251
e 354 118 3747.687871112286
e 118 354 3747.687871112286
e 354 92 10108.042364644996
e 92 354 10108.042364644996
e 354 364 3962.3892163100627
e 364 354 3962.3892163100627
e 364 92 5571.926508730483
e 92 364 5571.926508730483
e 364 365 7889.430086080166
e 365 364 7889.430086080166
e 364 366 2778.022186403131
e 366 364 2778.022186403131
e 256 156 7384.601202007453
e 156 256 7384.601202007453
e 256 135 7171.179827775996
e 135 256 7171.179827775996
e 256 255 3431.543020246867
e 255 256 3431.543020246867
e 365 366 3782.6468430457116
e 366 365 3782.6468430457116
e 365 371 2384.4675284334376
e 371 365 2384.4675284334376
e 365 370 2009.2091169476785
e 370 365 2009.2091169476785
e 370 371 4064.5742309576794
e 371 370 4064.5742309576794
e 370 367 2632.6175848310663
e 367 370 2632.6175848310663
e 367 366 6372.774068071098
e 366 367 6372.774068071098
e 367 371 5218.49320791192
e 371 367 5218.49320791192
e 367 361 4096.810822357642
e 361 367 4096.810822357642
e 361 93 2949.305326920769
e 93 361 2949.305326920769
e 361 366 4116.084212744519
e 366 361 4116.084212744519
e 361 58 19715.873253723745
e 58 361 19715.873253723745
e 58 93 13104.753069567372
e 93 58 13104.753069567372
e 58 59 9776.767268986661
e 59 58 9776.767268986661
e 58 60 9574.65683819346
e 60 58 9574.65683819346
e 58 94 11094.669224062667
e 94 58 11094.669224062667
e 58 95 6883.493142504909
e 95 58 6883.493142504909
e 95 94 13046.748637709034
e 94 95 13046.748637709034
e 95 97 4105.274204018657
e 97 95 4105.274204018657
e 95 98 9194.293865487634
e 98 95 9194.293865487634
e 97 98 26961.97006708202
e 98 97 26961.97006708202
e 97 17 6183.28806083795
e 17 97 6183.28806083795
e 255 163 6694.664861852245
e 163 255 6694.664861852245
e 255 320 14578.757300950709
e 320 255 14578.757300950709
e 255 156 3455.08595278515
e 156 255 3455.08595278515
e 255 135 13415.212485765185
e 135 255 13415.212485765185
e 255 254 13231.129780440515
e 254 255 13231.129780440515
e 255 162 1117.0937454378936
e 162 255 1117.0937454378936
e 255 161 14190.703437971966
e 161 255 14190.703437971966
e 254 161 8687.674352835975
e 161 254 8687.674352835975
e 161 162 5726.390360728728
e 162 161 5726.390360728728
e 161 275 12400.974844007222
e 275 161 12400.974844007222
e 161 213 1777.007767551486
e 213 161 1777.007767551486
e 213 275 3247.229799821222
e 275 213 3247.229799821222
e 213 236 3798.3696649424155
e 236 213 3798.3696649424155
e 213 215 9119.484625334484
e 215 213 9119.484625334484
e 213 214 4641.415721163491
e 214 213 4641.415721163491
e 213 170 9988.734919334696
e 170 213 9988.734919334696
e 213 172 1191.5504142422121
e 172 213 1191.5504142422121
e 170 207 9033.941984386813
e 207 170 9033.941984386813
e 170 168 6499.483599462731
e 168 170 6499.483599462731
e 170 172 7920.870805147439
e 172 170 7920.870805147439
e 170 206 0.0
e 206 170 0.0
e 207 168 2614.860416569244
e 168 207 2614.860416569244
e 207 167 4120.624437085027
e 167 207 4120.624437085027
e 167 168 1281.1951057241022
e 168 167 1281.1951057241022
e 167 202 1188.4000039661742
e 202 167 1188.4000039661742
e 167 199 1532.0174250210557
e 199 167 1532.0174250210557
e 167 198 4959.825549544684
e 198 167 4959.825549544684
e 198 199 649.0530632637677
e 199 198 649.0530632637677
e 198 197 6021.761894451036
e 197 198 6021.761894451036
e 198 166 0.0
e 166 198 0.0
e 198 192 1471.6476388401293
e 192 198 1471.6476388401293
e 197 192 4725.133402489104
e 192 197 4725.133402489104
e 197 171 1580.2805869035503
e 171 197 1580.2805869035503
e 171 192 1236.0162849401431
e 192 171 1236.0162849401431
e 171 201 6523.539121974249
e 201 171 6523.539121974249
e 171 203 6435.266943846533
e 203 171 6435.266943846533
e 203 201 4013.256357705135
e 201 203 4013.256357705135
e 203 189 5895.190351907744
e 189 203 5895.190351907744
e 203 208 1429.4870535141952
e 208 203 1429.4870535141952
e 471 466 6273.330999501904
e 466 471 6273.330999501904
e 471 208 6480.651401869833
e 208 471 6480.651401869833
e 466 505 2860.5970942186823
e 505 466 2860.5970942186823
e 466 208 2674.4394525372054
e 208 466 2674.4394525372054
e 208 189 1819.294165637582
e 189 208 1819.294165637582
e 208 505 1811.5387108088478
e 505 208 1811.5387108088478
e 208 204 4277.593386163683
e 204 208 4277.593386163683
e 208 205 6898.11799794407
e 205 208 6898.11799794407
e 208 169 5835.424804207185
e 169 208 5835.424804207185
e 503 505 12482.133833781612
e 505 503 12482.133833781612
e 503 325 0.0
e 325 503 0.0
e 503 502 6348.67292315842
e 502 503 6348.67292315842
e 503 504 5859.17142655432
e 504 503 5859.17142655432
e 503 14 10116.262063064281
e 14 503 10116.262063064281
e 505 169 5820.652073037196
e 169 505 5820.652073037196
e 505 312 17179.194432906985
e 312 505 17179.194432906985
e 505 522 13111.55020693939
e 522 505 13111.55020693939
e 505 14 6390.312853147871
e 14 505 6390.312853147871
e 505 13 4052.2936083632158
e 13 505 4052.2936083632158
e 325 502 10119.191616684842
e 502 325 10119.191616684842
e 502 504 5840.27136204548
e 504 502 5840.27136204548
e 502 15 4481.5260487016
e 15 502 4481.5260487016
e 15 504 5348.311632803461
e 504 15 5348.311632803461
e 15 14 11306.740585057129
e 14 15 11306.740585057129
e 15 459 10375.225199380156
e 459 15 10375.225199380156
e 15 392 4070.761888439159
e 392 15 4070.761888439159
e 17 98 7691.870626097111
e 98 17 7691.870626097111
e 17 100 15122.775592159858
e 100 17 15122.775592159858
e 17 392 7168.919548105628
e 392 17 7168.919548105628
e 17 18 12226.33974562744
e 18 17 12226.33974562744
e 392 460 9110.403905628811
e 460 392 9110.403905628811
e 392 459 5536.962687085812
e 459 392 5536.962687085812
e 392 18 19854.51824526064
e 18 392 19854.51824526064
e 392 10 22449.1008326243
e 10 392 22449.1008326243
e 392 19 5014.712343395458
e 19 392 5014.712343395458
e 532 531 6184.000102901937
e 531 532 6184.000102901937
e 532 533 6673.10392319813
e 533 532 6673.10392319813
e 532 118 12099.637171428141
e 118 532 12099.637171428141
e 532 327 1553.7756068472115
e 327 532 1553.7756068472115
e 118 339 2251.5204124694706
e 339 118 2251.5204124694706
e 118 531 4048.273215548035
e 531 118 4048.273215548035
e 118 91 17555.056104245003
e 91 118 17555.056104245003
e 118 92 11519.464074807447
e 92 118 11519.464074807447
e 327 129 1453.5202692450505
e 129 327 1453.5202692450505
e 327 533 5105.894220156003
e 533 327 5105.894220156003
e 327 158 2524.665519666309
e 158 327 2524.665519666309
e 327 293 3975.291472900126
e 293 327 3975.291472900126
e 293 158 3836.3860638334786
e 158 293 3836.3860638334786
e 293 151 0.0
e 151 293 0.0
e 158 129 3816.79462850913
e 129 158 3816.79462850913
e 158 145 2012.0800127387733
e 145 158 2012.0800127387733
e 158 151 887.8074557690996
e 151 158 887.8074557690996
e 151 146 0.0
e 146 151 0.0
e 151 145 1936.5527460646372
e 145 151 1936.5527460646372
e 151 150 3095.0681932706307
e 150 151 3095.0681932706307
e 151 152 3992.533882819481
e 152 151 3992.533882819481
e 152 150 858.0497424469797
e 150 152 858.0497424469797
e 152 136 129.7824504509979
e 136 152 129.7824504509979
e 152 134 1193.1428581682703
e 134 152 1193.1428581682703
e 152 153 4224.267979494256
e 153 152 4224.267979494256
e 153 134 611.1571785930537
e 134 153 611.1571785930537
e 153 176 1084.2804740943945
e 176 153 1084.2804740943945
e 153 154 5066.017920365438
e 154 153 5066.017920365438
e 156 176 5317.480431661622
e 176 156 5317.480431661622
e 156 320 8942.895441719538
e 320 156 8942.895441719538
e 156 154 6188.816849799769
e 154 156 6188.816849799769
e 154 176 2011.851860848805
e 176 154 2011.851860848805
e 92 91 5995.450389822387
e 91 92 5995.450389822387
e 92 377 9537.124133343617
e 377 92 9537.124133343617
e 92 346 6724.599481205266
e 346 92 6724.599481205266
e 92 345 1652.1934619421934
e 345 92 1652.1934619421934
e 92 93 9263.311260740187
e 93 92 9263.311260740187
e 92 366 7612.5639817611855
e 366 92 7612.5639817611855
e 366 93 9417.512803084295
e 93 366 9417.512803084295
e 366 371 1483.6838647859395
e 371 366 1483.6838647859395
e 93 345 6878.566594816908
e 345 93 6878.566594816908
e 93 59 7019.503302527256
e 59 93 7019.503302527256
e 59 345 11260.825104302097
e 345 59 11260.825104302097
e 59 88 12791.892220247659
e 88 59 12791.892220247659
e 59 60 8451.46742216144
e 60 59 8451.46742216144
e 60 88 3734.7899404123154
e 88 60 3734.7899404123154
e 60 61 20434.21741595433
e 61 60 20434.21741595433
e 60 94 11374.323755486475
e 94 60 11374.323755486475
e 94 61 6548.847612880416
e 61 94 6548.847612880416
e 94 98 3855.5676298347494
e 98 94 3855.5676298347494
e 94 99 11795.313860381904
e 99 94 11795.313860381904
e 98 99 21379.0403635612
e 99 98 21379.0403635612
e 98 100 3189.876185365264
e 100 98 3189.876185365264
e 163 157 11258.30690957256
e 157 163 11258.30690957256
e 163 164 11437.473304079638
e 164 163 11437.473304079638
e 163 264 6162.519182514198
e 264 163 6162.519182514198
e 163 320 10066.514580193181
e 320 163 10066.514580193181
e 163 162 12405.693771859364
e 162 163 12405.693771859364
e 320 265 7938.086960706558
e 265 320 7938.086960706558
e 320 137 2267.53978159953
e 137 320 2267.53978159953
e 320 176 986.2688447215661
e 176 320 986.2688447215661
e 320 164 11488.56975939388
e 164 320 11488.56975939388
e 162 264 5996.370547042223
e 264 162 5996.370547042223
e 162 289 5279.990313319352
e 289 162 5279.990313319352
e 162 290 1506.9460958496993
e 290 162 1506.9460958496993
e 162 234 11358.063292479961
e 234 162 11358.063292479961
e 162 275 7189.753131070854
e 275 162 7189.753131070854
e 162 236 2282.1668458906006
e 236 162 2282.1668458906006
e 275 236 10891.6853366456
e 236 275 10891.6853366456
e 236 234 5513.024246055046
e 234 236 5513.024246055046
e 236 235 6268.516447894757
e 235 236 6268.516447894757
e 236 215 8317.15815020683
e 215 236 8317.15815020683
e 215 231 5771.663242022518
e 231 215 5771.663242022518
e 215 235 7427.186744033997
e 235 215 7427.186744033997
e 215 214 4532.500301602392
e 214 215 4532.500301602392
e 215 212 1952.3317033509047
e 212 215 1952.3317033509047
e 215 173 1694.398554971915
e 173 215 1694.398554971915
e 214 172 5338.775012433505
e 172 214 5338.775012433505
e 214 173 2819.6734669461957
e 173 214 2819.6734669461957
e 172 168 0.0
e 168 172 0.0
e 172 173 2669.7765656541433
e 173 172 2669.7765656541433
e 172 206 4745.447837147134
e 206 172 4745.447837147134
e 168 202 3780.0090934805717
e 202 168 3780.0090934805717
e 168 206 1150.2162092074843
e 206 168 1150.2162092074843
e 206 202 132.54325956649424
e 202 206 132.54325956649424
e 206 173 1870.5236812268881
e 173 206 1870.5236812268881
e 206 200 7126.173860768156
e 200 206 7126.173860768156
e 206 193 2112.687319219054
e 193 206 2112.687319219054
e 206 199 1274.0302304601753
e 199 206 1274.0302304601753
e 202 199 5702.891500759228
e 199 202 5702.891500759228
e 199 200 1245.436148355628
e 200 199 1245.436148355628
e 199 196 725.7762534483485
e 196 199 725.7762534483485
e 199 166 2727.58675973105
e 166 199 2727.58675973105
e 199 192 0.0
e 192 199 0.0
e 166 196 2886.1431593554626
e 196 166 2886.1431593554626
e 166 165 3316.4626313428707
e 165 166 3316.4626313428707
e 166 192 3143.3205950543975
e 192 166 3143.3205950543975
e 192 165 4525.902519560785
e 165 192 4525.902519560785
e 192 201 2381.352625368778
e 201 192 2381.352625368778
e 192 189 2100.4387303693966
e 189 192 2100.4387303693966
e 201 189 7325.202224432608
e 189 201 7325.202224432608
e 189 165 761.1187711911973
e 165 189 761.1187711911973
e 189 187 2919.0365780529787
e 187 189 2919.0365780529787
e 189 190 6588.236068786068
e 190 189 6588.236068786068
e 189 204 3874.2938407569854
e 204 189 3874.2938407569854
e 204 190 5180.819797337026
e 190 204 5180.819797337026
e 204 205 6063.404603683146
e 205 204 6063.404603683146
e 204 169 10461.266316260175
e 169 204 10461.266316260175
e 204 311 513.3935654068624
e 311 204 513.3935654068624
e 205 169 2966.3526441514687
e 169 205 2966.3526441514687
e 169 311 2368.5395410714705
e 311 169 2368.5395410714705
e 169 313 5974.401573024465
e 313 169 5974.401573024465
e 169 312 2319.6745613277158
e 312 169 2319.6745613277158
e 504 14 5446.849752971318
e 14 504 5446.849752971318
e 14 459 18215.00719004691
e 459 14 18215.00719004691
e 14 13 39403.313275863686
e 13 14 39403.313275863686
e 14 10 5772.939816751986
e 10 14 5772.939816751986
e 312 313 13423.111233005297
e 313 312 13423.111233005297
e 312 522 714.3622803196953
e 522 312 714.3622803196953
e 312 323 9924.75946501394
e 323 312 9924.75946501394
e 522 523 15706.89044608142
e 523 522 15706.89044608142
e 522 323 6521.992135367248
e 323 522 6521.992135367248
e 522 508 10265.422817700764
e 508 522 10265.422817700764
e 522 13 8838.248389026538
e 13 522 8838.248389026538
e 13 523 9485.012313136114
e 523 13 9485.012313136114
e 13 529 10255.529888742269
e 529 13 10255.529888742269
e 13 10 10854.498941806552
e 10 13 10854.498941806552
e 459 460 11398.735770539899
e 460 459 11398.735770539899
e 459 10 6995.5266180613735
e 10 459 6995.5266180613735
e 100 99 6728.849497528299
e 99 100 6728.849497528299
e 100 387 16977.89373475585
e 387 100 16977.89373475585
e 100 390 6719.963809832453
e 390 100 6719.963809832453
e 100 101 15267.070219279642
e 101 100 15267.070219279642
e 100 18 13138.78677739829
e 18 100 13138.78677739829
e 18 101 5679.625021116246
e 101 18 5679.625021116246
e 18 102 17661.235642955304
e 102 18 17661.235642955304
e 18 19 14829.460984326543
e 19 18 14829.460984326543
e 10 19 25952.954596177096
e 19 10 25952.954596177096
e 19 102 16792.213629779468
e 102 19 16792.213629779468
e 531 339 5917.388869020175
e 339 531 5917.388869020175
e 531 348 3519.4427525131127
e 348 531 3519.4427525131127
e 531 347 2786.650250812152
e 347 531 2786.650250812152
e 531 533 6513.979985452587
e 533 531 6513.979985452587
e 533 347 2459.7048728890213
e 347 533 2459.7048728890213
e 533 129 7143.437598195725
e 129 533 7143.437598195725
e 339 383 14868.114689398039
e 383 339 14868.114689398039
e 339 343 3451.1944513621534
e 343 339 3451.1944513621534
e 339 348 8409.645618713977
e 348 339 8409.645618713977
e 339 91 7295.569133383162
e 91 339 7295.569133383162
e 91 90 9273.522672231367
e 90 91 9273.522672231367
e 91 383 5620.358008347819
e 383 91 5620.358008347819
e 91 340 18954.231260570148
e 340 91 18954.231260570148
e 91 378 3975.966972820943
e 378 91 3975.966972820943
e 91 377 8133.294428698095
e 377 91 8133.294428698095
e 129 347 5176.882540189301
e 347 129 5176.882540189301
e 129 132 8761.36449753118
e 132 129 8761.36449753118
e 129 130 5249.724289389618
e 130 129 5249.724289389618
e 129 145 417.4427071726332
e 145 129 417.4427071726332
e 145 141 711.9953734463036
e 141 145 711.9953734463036
e 145 133 1932.5668374114682
e 133 145 1932.5668374114682
e 145 130 607.7576041865726
e 130 145 607.7576041865726
e 145 146 2101.4943567134724
e 146 145 2101.4943567134724
e 145 150 0.0
e 150 145 0.0
e 146 141 1216.7999762768898
e 141 146 1216.7999762768898
e 146 149 2502.771853371143
e 149 146 2502.771853371143
e 146 150 2666.1731132561777
e 150 146 2666.1731132561777
e 150 138 1270.047930749319
e 138 150 1270.047930749319
e 150 149 2259.9303529344734
e 149 150 2259.9303529344734
e 150 136 1153.5956081629834
e 136 150 1153.5956081629834
e 136 138 2040.050977379213
e 138 136 2040.050977379213
e 136 137 4488.932569118838
e 137 136 4488.932569118838
e 136 134 3504.8336186687934
e 134 136 3504.8336186687934
e 136 176 1318.7637049646594
e 176 136 1318.7637049646594
e 134 176 3499.914506482407
e 176 134 3499.914506482407
e 176 137 676.4454337094849
e 137 176 676.4454337094849
e 377 378 6945.91647317941
e 378 377 6945.91647317941
e 377 379 6557.188657834289
e 379 377 6557.188657834289
e 377 346 5605.8888275634445
e 346 377 5605.8888275634445
e 346 376 1951.6813468218004
e 376 346 1951.6813468218004
e 346 375 2427.70884834627
e 375 346 2427.70884834627
e 346 379 4985.313004306743
e 379 346 4985.313004306743
e 346 344 2353.0417188367537
e 344 346 2353.0417188367537
e 346 381 22405.121775343217
e 381 346 22405.121775343217
e 346 345 2714.8592815695024
e 345 346 2714.8592815695024
e 345 344 7508.619338966237
e 344 345 7508.619338966237
e 345 381 4701.067181524922
e 381 345 4701.067181524922
e 345 88 7238.198708013826
e 88 345 7238.198708013826
e 88 89 4100.2420366049855
e 89 88 4100.2420366049855
e 88 344 10747.547508768976
e 344 88 10747.547508768976
e 88 61 6849.174972327594
e 61 88 6849.174972327594
e 61 99 16754.259475014773
e 99 61 16754.259475014773
e 99 388 18422.010328931574
e 388 99 18422.010328931574
e 99 387 2834.738131387545
e 387 99 2834.738131387545
e 157 493 3066.2009369293123
e 493 157 3066.2009369293123
e 157 308 8321.292339231299
e 308 157 8321.292339231299
e 157 164 10230.809037486206
e 164 157 10230.809037486206
e 157 474 9269.446014564004
e 474 157 9269.446014564004
e 157 263 1995.3066295763035
e 263 157 1995.3066295763035
e 157 264 11717.96527242779
e 264 157 11717.96527242779
e 164 266 11251.03574874304
e 266 164 11251.03574874304
e 164 265 4779.793606380304
e 265 164 4779.793606380304
e 164 308 5265.163064294539
e 308 164 5265.163064294539
e 264 263 9379.940786848145
e 263 264 9379.940786848145
e 264 294 1828.4824263266823
e 294 264 1828.4824263266823
e 264 297 5628.236965929956
e 297 264 5628.236965929956
e 264 289 2387.0067150041095
e 289 264 2387.0067150041095
e 265 266 3783.4404616329516
e 266 265 3783.4404616329516
e 265 139 0.0
e 139 265 0.0
e 265 137 2693.546713808637
e 137 265 2693.546713808637
e 137 266 0.0
e 266 137 0.0
e 137 139 1057.657736332246
e 139 137 1057.657736332246
e 137 138 4486.783882099913
e 138 137 4486.783882099913
e 289 297 5269.524018142324
e 297 289 5269.524018142324
e 289 296 285.62320707393735
e 296 289 285.62320707393735
e 289 291 3883.465010463795
e 291 289 3883.465010463795
e 289 290 4703.746071645525
e 290 289 4703.746071645525
e 290 284 359.8376837177491
e 284 290 359.8376837177491
e 290 291 9032.428082731292
e 291 290 9032.428082731292
e 290 285 5206.128826102804
e 285 290 5206.128826102804
e 290 43 2798.8434365846288
e 43 290 2798.8434365846288
e 290 231 1431.573183075909
e 231 290 1431.573183075909
e 290 234 10725.928814817244
e 234 290 10725.928814817244
e 234 231 6443.8230922493385
e 231 234 6443.8230922493385
e 234 235 8325.90890284245
e 235 234 8325.90890284245
e 235 231 17862.00880881758
e 231 235 17862.00880881758
e 231 43 7422.538445838103
e 43 231 7422.538445838103
e 231 233 15758.435946222928
e 233 231 15758.435946222928
e 231 226 10170.767338920587
e 226 231 10170.767338920587
e 231 184 1154.6868459213156
e 184 231 1154.6868459213156
e 231 222 7406.525373699693
e 222 231 7406.525373699693
e 231 212 6832.75203937438
e 212 231 6832.75203937438
e 212 222 2435.597067848316
e 222 212 2435.597067848316
e 212 173 4119.92133032646
e 173 212 4119.92133032646
e 212 194 3315.2582253881983
e 194 212 3315.2582253881983
e 173 194 2481.4593163042605
e 194 173 2481.4593163042605
e 173 193 2211.0249772256334
e 193 173 2211.0249772256334
e 200 193 1982.3468744024617
e 193 200 1982.3468744024617
e 200 196 4488.809607302617
e 196 200 4488.809607302617
e 200 178 182.45293660002918
e 178 200 182.45293660002918
e 193 194 5636.388628646936
e 194 193 5636.388628646936
e 193 178 5623.140949473362
e 178 193 5623.140949473362
e 196 178 4145.84633196787
e 178 196 4145.84633196787
e 196 165 3971.456876409454
e 165 196 3971.456876409454
e 196 177 281.97507716019425
e 177 196 281.97507716019425
e 165 187 10566.092326576263
e 187 165 10566.092326576263
e 165 177 4888.168493011788
e 177 165 4888.168493011788
e 165 195 3217.3518139958614
e 195 165 3217.3518139958614
e 187 195 3422.6806524088993
e 195 187 3422.6806524088993
e 187 190 8935.872172012332
e 190 187 8935.872172012332
e 190 195 2965.937509017376
e 195 190 2965.937509017376
e 190 310 2831.577262097395
e 310 190 2831.577262097395
e 190 311 1499.79105557674
e 311 190 1499.79105557674
e 190 225 3959.9305648865975
e 225 190 3959.9305648865975
e 311 313 7055.504200801554
e 313 311 7055.504200801554
e 311 225 7213.693702358535
e 225 311 7213.693702358535
e 311 227 3732.246308905694
e 227 311 3732.246308905694
e 311 314 910.0250947812001
e 314 311 910.0250947812001
e 313 314 2021.6425341861561
e 314 313 2021.6425341861561
e 313 323 2223.3006455544696
e 323 313 2223.3006455544696
e 323 314 10884.692082714218
e 314 323 10884.692082714218
e 323 315 3383.1877836146878
e 315 323 3383.1877836146878
e 323 508 6524.316076999839
e 508 323 6524.316076999839
e 523 508 7464.437292050537
e 508 523 7464.437292050537
e 523 529 18107.46392227039
e 529 523 18107.46392227039
e 523 8 1007.8233986054466
e 8 523 1007.8233986054466
e 508 315 1635.977470647244
e 315 508 1635.977470647244
e 508 509 9276.026930269316
e 509 508 9276.026930269316
e 508 510 13415.607730601316
e 510 508 13415.607730601316
e 508 8 2142.7025354699413
e 8 508 2142.7025354699413
e 529 8 21228.783710026346
e 8 529 21228.783710026346
e 387 388 11988.21926753422
e 388 387 11988.21926753422
e 387 390 14717.140381097022
e 390 387 14717.140381097022
e 390 101 7486.030068162867
e 101 390 7486.030068162867
e 101 102 17932.300032350187
e 102 101 17932.300032350187
e 348 343 6656.3902239797235
e 343 348 6656.3902239797235
e 348 347 1540.4647237265415
e 347 348 1540.4647237265415
e 347 351 3820.7909456383745
e 351 347 3820.7909456383745
e 347 341 2504.220662402184
e 341 347 2504.220662402184
e 347 343 6090.5445969649645
e 343 347 6090.5445969649645
e 347 132 2580.9309662804703
e 132 347 2580.9309662804703
e 347 318 6528.714135384548
e 318 347 6528.714135384548
e 347 352 391.5872912761881
e 352 347 391.5872912761881
e 383 117 12773.14817122953
e 117 383 12773.14817122953
e 383 384 14731.63301351698
e 384 383 14731.63301351698
e 383 90 9218.893892307678
e 90 383 9218.893892307678
e 383 351 4692.8830741344345
e 351 383 4692.8830741344345
e 383 341 2613.8562798024036
e 341 383 2613.8562798024036
e 383 343 2826.274552536508
e 343 383 2826.274552536508
e 343 341 10131.598911214322
e 341 343 10131.598911214322
e 90 28 2835.4773848502205
e 28 90 2835.4773848502205
e 90 31 7691.902526086571
e 31 90 7691.902526086571
e 90 382 10113.774236031531
e 382 90 10113.774236031531
e 90 57 15095.397327727147
